101 32 256
115 32 257
105 110 258
116 104 259
111 110 260
97 116 261
101 114 262
32 97 263
101 110 264
10 10 265
111 114 266
105 260 267
259 256 268
100 32 269
116 32 270
44 32 271
97 108 272
97 114 273
258 103 274
114 101 275
97 110 276
111 102 277
116 111 278
121 32 279
99 116 280
115 116 281
114 111 282
274 32 283
277 32 284
105 257 285
105 116 286
108 101 287
46 265 288
100 101 289
278 32 290
46 32 291
267 32 292
61 32 293
105 99 294
263 110 295
115 101 296
105 109 297
41 32 298
272 32 299
117 116 300
58 32 301
101 115 302
266 32 303
99 111 304
84 104 305
263 32 306
262 32 307
99 104 308
101 257 309
100 105 310
264 116 311
105 108 312
101 269 313
97 32 314
105 103 315
295 269 316
32 293 317
97 109 318
105 115 319
258 32 320
117 114 321
97 115 322
117 110 323
105 118 324
112 108 325
112 282 326
261 267 327
105 259 328
109 32 329
117 108 330
48 46 331
111 108 332
114 97 333
261 32 334
97 98 335
101 116 336
101 108 337
111 119 338
100 261 339
276 32 340
264 270 341
101 120 342
102 266 343
305 256 344
99 260 345
109 97 346
43 32 347
101 280 348
58 265 349
119 328 350
49 32 351
275 115 352
105 122 353
261 292 354
240 157 355
226 128 356
114 105 357
99 256 358
119 104 359
109 111 360
108 32 361
264 32 362
304 109 363
259 334 364
117 115 365
116 262 366
117 270 367
101 273 368
97 103 369
350 32 370
105 102 371
115 117 372
111 32 373
102 303 374
118 262 375
99 108 376
256 268 377
99 101 378
308 32 379
112 262 380
280 267 381
101 100 382
315 104 383
113 117 384
108 279 385
284 268 386
118 105 387
276 269 388
50 32 389
110 32 390
112 111 391
112 287 392
58 10 393
260 32 394
286 279 395
98 256 396
108 111 397
112 300 398
296 269 399
97 121 400
343 109 401
108 256 402
355 145 403
119 266 404
118 272 405
117 109 406
110 101 407
112 97 408
294 32 409
99 340 410
115 291 411
287 273 412
112 116 413
110 111 414
273 105 415
32 347 416
273 256 417
119 101 418
263 257 419
335 312 420
112 367 421
107 32 422
115 271 423
105 114 424
360 289 425
226 136 426
102 102 427
405 117 428
97 379 429
339 97 430
325 256 431
100 262 432
326 98 433
321 256 434
261 256 435
102 282 436
298 293 437
97 257 438
114 276 439
111 300 440
42 32 441
339 314 442
332 300 443
82 101 444
280 292 445
115 104 446
259 285 447
105 270 448
102 323 449
65 73 450
258 116 451
412 110 452
318 392 453
257 284 454
44 316 455
109 101 456
258 368 457
226 137 458
101 99 459
100 117 460
115 288 461
120 32 462
116 333 463
45 32 464
112 275 465
436 329 466
263 108 467
114 117 468
271 268 469
112 352 470
136 32 471
51 32 472
264 115 473
272 353 474
10 356 475
118 348 476
115 115 477
49 271 478
99 302 479
104 32 480
97 99 481
283 268 482
262 256 483
101 109 484
99 105 485
46 10 486
262 257 487
119 256 488
118 256 489
263 114 490
112 32 491
458 471 492
65 32 493
324 256 494
103 256 495
118 415 496
70 303 497
105 281 498
111 109 499
108 400 500
10 32 501
267 299 502
331 48 503
98 279 504
290 268 505
102 258 506
98 336 507
73 110 508
112 273 509
289 99 510
108 457 511
100 256 512
101 429 513
102 101 514
267 257 515
111 117 516
80 40 517
320 268 518
305 285 519
109 258 520
276 358 521
450 32 522
69 120 523
108 105 524
338 32 525
10 49 526
67 260 527
286 121 528
117 281 529
475 139 530
530 501 531
295 32 532
115 265 533
510 319 534
100 257 535
116 97 536
119 273 537
103 264 538
333 310 539
107 256 540
100 283 541
420 395 542
310 281 543
439 115 544
117 275 545
413 297 546
101 281 547
310 427 548
383 116 549
108 121 550
10 40 551
315 110 552
285 268 553
410 396 554
330 116 555
41 265 556
275 470 557
115 270 558
548 262 559
87 104 560
100 111 561
257 268 562
98 111 563
336 404 564
116 307 565
297 473 566
115 301 567
41 288 568
99 266 569
261 313 570
109 311 571
507 418 572
115 121 573
119 312 574
49 317 575
50 271 576
318 431 577
369 256 578
330 269 579
476 266 580
363 398 581
102 97 582
425 361 583
376 322 584
426 146 585
109 261 586
259 307 587
48 32 588
194 178 589
104 97 590
103 266 591
291 344 592
572 362 593
273 103 594
433 287 595
115 10 596
271 359 597
115 112 598
302 256 599
117 112 600
120 297 601
327 257 602
108 338 603
105 100 604
275 108 605
73 390 606
281 468 607
463 258 608
270 284 609
351 347 610
110 338 611
425 108 612
258 421 613
514 261 614
116 101 615
111 546 616
99 97 617
9 48 618
80 282 619
272 385 620
32 40 621
98 101 622
275 103 623
440 421 624
206 184 625
119 32 626
100 566 627
302 270 628
49 48 629
557 311 630
326 479 631
443 292 632
49 46 633
591 328 634
226 130 635
10 403 636
285 314 637
259 101 638
414 270 639
490 256 640
111 98 641
357 98 642
99 270 643
573 281 644
481 107 645
257 417 646
112 104 647
117 399 648
110 564 649
319 117 650
257 388 651
99 272 652
115 257 653
97 100 654
105 299 655
511 32 656
115 408 657
40 120 658
449 445 659
322 260 660
539 341 661
337 32 662
264 304 663
119 373 664
266 256 665
101 288 666
52 32 667
77 32 668
110 406 669
294 299 670
286 257 671
116 544 672
315 264 673
83 116 674
342 325 675
112 266 676
335 402 677
574 361 678
407 321 679
291 519 680
67 108 681
309 268 682
115 297 683
48 271 684
449 381 685
107 283 686
371 294 687
538 262 688
259 32 689
342 453 690
586 357 691
98 307 692
116 664 693
117 103 694
278 306 695
559 341 696
258 256 697
258 366 698
87 256 699
53 271 700
107 611 701
353 256 702
452 283 703
356 153 704
10 50 705
281 261 706
51 46 707
105 309 708
331 50 709
650 474 710
97 399 711
260 256 712
97 112 713
280 324 714
78 78 715
115 105 716
115 349 717
397 99 718
287 100 719
40 98 720
257 290 721
294 480 722
642 300 723
117 278 724
50 46 725
52 46 726
258 401 727
111 579 728
352 115 729
103 101 730
111 116 731
330 273 732
343 329 733
428 256 734
77 97 735
105 32 736
80 82 737
282 112 738
298 492 739
261 116 740
277 306 741
332 118 742
418 549 743
271 488 744
275 537 745
44 263 746
371 32 747
297 369 748
100 286 749
351 464 750
115 111 751
274 306 752
345 116 753
109 341 754
76 368 755
101 375 756
529 262 757
121 112 758
115 99 759
258 306 760
555 105 761
103 324 762
276 100 763
101 384 764
296 257 765
47 32 766
465 310 767
755 110 768
115 552 769
206 187 770
383 270 771
41 10 772
98 711 773
112 264 774
109 665 775
99 321 776
335 287 777
276 378 778
103 111 779
114 260 780
281 435 781
370 268 782
391 451 783
100 307 784
355 156 785
97 258 786
112 260 787
276 103 788
274 271 789
45 49 790
260 45 791
266 109 792
296 116 793
337 108 794
105 289 795
112 114 796
50 317 797
69 110 798
41 589 799
595 109 800
104 525 801
259 599 802
105 98 803
644 484 804
41 301 805
618 618 806
32 32 807
104 438 808
67 499 809
523 453 810
46 46 811
40 88 812
342 577 813
73 270 814
76 69 815
724 663 816
323 432 817
669 692 818
346 601 819
607 280 820
737 79 821
821 66 822
822 815 823
823 668 824
108 335 825
116 322 826
51 271 827
101 287 828
394 268 829
704 257 830
97 298 831
312 273 832
467 361 833
524 540 834
115 256 835
109 761 836
276 116 837
433 542 838
101 118 839
365 256 840
104 406 841
257 364 842
263 112 843
114 318 844
68 261 845
118 443 846
816 432 847
476 303 848
121 516 849
257 320 850
206 177 851
282 694 852
619 98 853
520 297 854
582 280 855
68 302 856
500 262 857
304 108 858
41 271 859
101 271 860
273 279 861
818 284 862
99 275 863
124 32 864
111 367 865
616 299 866
99 330 867
258 485 868
53 32 869
40 115 870
331 57 871
584 115 872
40 99 873
319 104 874
500 307 875
102 312 876
315 434 877
99 262 878
317 40 879
691 462 880
111 103 881
263 100 882
279 293 883
101 259 884
289 269 885
111 99 886
298 347 887
348 313 888
605 327 889
424 32 890
634 109 891
331 49 892
50 48 893
78 101 894
720 298 895
116 758 896
389 441 897
372 308 898
608 283 899
112 261 900
70 877 901
67 715 902
115 286 903
276 270 904
102 332 905
598 459 906
428 302 907
115 274 908
264 358 909
104 383 910
258 290 911
102 424 912
397 103 913
727 354 914
846 502 915
357 512 916
111 321 917
676 116 918
68 101 919
288 344 920
111 112 921
259 852 922
366 520 923
269 268 924
117 257 925
309 284 926
258 398 927
313 290 928
898 419 929
65 847 930
326 460 931
102 32 932
459 270 933
516 257 934
121 110 935
534 292 936
635 129 937
65 108 938
296 609 939
372 98 940
264 103 941
657 358 942
101 427 943
275 460 944
258 270 945
590 489 946
543 723 947
264 99 948
115 632 949
105 120 950
359 483 951
380 401 952
649 107 953
101 491 954
627 502 955
71 661 956
738 279 957
86 710 958
267 272 959
345 110 960
849 32 961
289 506 962
905 603 963
259 362 964
289 923 965
110 791 966
428 309 967
477 803 968
446 105 969
49 265 970
719 495 971
277 116 972
275 660 973
526 10 974
543 521 975
683 832 976
291 305 977
274 301 978
523 325 979
285 290 980
382 419 981
261 494 982
111 587 983
286 116 984
391 968 985
46 271 986
110 792 987
296 384 988
259 262 989
387 780 990
935 318 991
68 80 992
263 381 993
117 329 994
116 294 995
263 714 996
551 831 997
873 298 998
77 83 999
999 69 1000
99 311 1001
614 434 1002
275 256 1003
261 324 1004
350 306 1005
259 261 1006
359 362 1007
289 774 1008
115 262 1009
67 111 1010
534 267 1011
372 329 1012
652 867 1013
53 46 1014
69 429 1015
286 262 1016
115 702 1017
378 413 1018
545 257 1019
76 400 1020
355 144 1021
615 318 1022
411 344 1023
809 398 1024
705 10 1025
600 339 1026
77 101 1027
456 322 1028
889 969 1029
638 890 1030
264 990 1031
261 283 1032
49 301 1033
109 272 1034
112 332 1035
54 32 1036
111 375 1037
912 558 1038
796 868 1039
45 955 1040
798 116 1041
318 336 1042
262 110 1043
356 156 1044
356 157 1045
466 268 1046
114 294 1047
195 151 1048
265 344 1049
115 373 1050
372 109 1051
908 402 1052
374 268 1053
420 528 1054
49 47 1055
257 40 1056
365 270 1057
308 111 1058
263 99 1059
319 349 1060
106 348 1061
679 299 1062
109 276 1063
649 422 1064
440 398 1065
444 103 1066
75 76 1067
444 660 1068
729 292 1069
497 690 1070
98 121 1071
102 565 1072
118 337 1073
260 103 1074
498 409 1075
749 502 1076
762 362 1077
496 521 1078
88 32 1079
991 409 1080
117 296 1081
77 111 1082
354 284 1083
634 329 1084
499 256 1085
276 257 1086
119 438 1087
298 441 1088
446 338 1089
80 273 1090
104 101 1091
119 728 1092
103 661 1093
100 274 1094
308 697 1095
119 351 1096
403 150 1097
76 457 1098
111 118 1099
115 393 1100
111 380 1101
922 480 1102
104 337 1103
323 116 1104
363 392 1105
114 324 1106
103 844 1107
878 536 1108
102 330 1109
98 645 1110
257 314 1111
456 259 1112
337 279 1113
291 72 1114
97 308 1115
100 45 1116
280 494 1117
845 314 1118
98 286 1119
289 116 1120
80 67 1121
63 10 1122
117 352 1123
560 334 1124
103 282 1125
376 117 1126
539 311 1127
397 653 1128
320 901 1129
930 567 1130
1048 32 1131
322 256 1132
84 544 1133
294 105 1134
366 110 1135
116 297 1136
263 477 1137
595 329 1138
327 10 1139
101 112 1140
310 275 1141
346 279 1142
338 756 1143
1120 348 1144
291 814 1145
681 322 1146
799 416 1147
917 32 1148
296 270 1149
343 306 1150
906 371 1151
52 271 1152
111 269 1153
517 65 1154
342 116 1155
97 269 1156
648 290 1157
287 280 1158
318 256 1159
291 606 1160
672 286 1161
312 256 1162
310 115 1163
855 266 1164
111 100 1165
98 718 1166
531 32 1167
53 265 1168
376 757 1169
317 91 1170
297 578 1171
1147 40 1172
281 916 1173
71 333 1174
826 107 1175
101 270 1176
817 281 1177
389 347 1178
751 485 1179
504 268 1180
327 299 1181
365 283 1182
101 673 1183
93 265 1184
337 105 1185
985 402 1186
376 365 1187
298 766 1188
407 626 1189
258 299 1190
346 686 1191
1107 109 1192
77 992 1193
281 333 1194
331 55 1195
48 10 1196
262 114 1197
321 299 1198
585 32 1199
120 317 1200
226 134 1201
50 265 1202
305 365 1203
310 387 1204
597 722 1205
304 579 1206
500 487 1207
115 453 1208
326 112 1209
115 486 1210
475 162 1211
1211 32 1212
297 918 1213
363 109 1214
325 294 1215
323 100 1216
101 329 1217
120 105 1218
105 302 1219
1009 118 1220
346 112 1221
496 777 1222
294 256 1223
80 111 1224
346 540 1225
534 515 1226
779 299 1227
1031 571 1228
118 742 1229
98 367 1230
536 107 1231
1035 294 1232
272 550 1233
67 104 1234
286 708 1235
326 387 1236
430 288 1237
115 1085 1238
117 98 1239
547 297 1240
275 384 1241
105 275 1242
65 110 1243
282 477 1244
1244 45 1245
258 1126 1246
446 728 1247
272 121 1248
509 1042 1249
430 793 1250
681 757 1251
107 1043 1252
117 937 1253
391 903 1254
1070 271 1255
275 102 1256
1151 409 1257
359 722 1258
561 329 1259
363 256 1260
319 292 1261
291 699 1262
84 373 1263
116 628 1264
115 1034 1265
115 283 1266
103 333 1267
267 288 1268
73 346 1269
289 108 1270
331 56 1271
101 46 1272
701 971 1273
483 417 1274
81 45 1275
352 787 1276
65 114 1277
623 732 1278
97 280 1279
588 464 1280
76 47 1281
380 387 1282
308 286 1283
1283 348 1284
82 32 1285
44 306 1286
115 455 1287
308 110 1288
597 483 1289
73 932 1290
345 115 1291
98 258 1292
99 309 1293
657 378 1294
301 344 1295
115 443 1296
259 340 1297
111 270 1298
311 655 1299
101 489 1300
296 108 1301
100 373 1302
258 695 1303
404 107 1304
55 32 1305
631 257 1306
281 117 1307
452 274 1308
391 945 1309
288 824 1310
331 53 1311
678 396 1312
54 46 1313
345 607 1314
336 279 1315
507 565 1316
956 856 1317
872 371 1318
98 317 1319
1209 369 1320
103 1127 1321
311 292 1322
960 888 1323
9 78 1324
51 10 1325
506 286 1326
115 742 1327
69 673 1328
433 420 1329
524 107 1330
776 114 1331
342 112 1332
987 474 1333
109 594 1334
68 459 1335
745 100 1336
360 118 1337
308 276 1338
10 115 1339
331 51 1340
561 309 1341
451 794 1342
97 279 1343
550 45 1344
112 950 1345
1201 146 1346
1346 32 1347
289 1073 1348
348 324 1349
472 441 1350
527 915 1351
101 94 1352
100 1281 1353
98 117 1354
118 710 1355
340 813 1356
1282 399 1357
426 145 1358
785 131 1359
319 422 1360
1022 32 1361
1098 32 1362
716 432 1363
615 1288 1364
289 759 1365
41 316 1366
691 120 1367
352 555 1368
121 283 1369
773 394 1370
98 322 1371
115 119 1372
102 45 1373
101 279 1374
1229 309 1375
414 116 1376
304 558 1377
71 324 1378
274 10 1379
115 1159 1380
111 989 1381
50 301 1382
114 261 1383
841 340 1384
322 270 1385
1272 103 1386
112 322 1387
424 256 1388
647 874 1389
302 115 1390
63 265 1391
121 105 1392
623 1069 1393
98 105 1394
119 49 1395
1166 107 1396
97 118 1397
32 285 1398
282 653 1399
291 83 1400
278 295 1401
644 1217 1402
436 109 1403
115 577 1404
101 301 1405
260 385 1406
810 301 1407
272 108 1408
100 1106 1409
767 280 1410
343 378 1411
273 495 1412
101 45 1413
854 353 1414
346 120 1415
327 316 1416
291 65 1417
641 1061 1418
756 279 1419
44 295 1420
100 306 1421
258 281 1422
296 273 1423
1062 953 1424
584 257 1425
1143 271 1426
412 390 1427
1039 431 1428
40 110 1429
843 326 1430
100 298 1431
288 895 1432
871 56 1433
116 468 1434
93 271 1435
68 32 1436
767 381 1437
884 294 1438
676 270 1439
204 130 1440
119 897 1441
118 632 1442
1353 100 1443
102 984 1444
1045 32 1445
795 314 1446
959 395 1447
85 110 1448
355 146 1449
785 189 1450
979 786 1451
100 264 1452
345 1363 1453
580 257 1454
267 301 1455
672 401 1456
257 386 1457
97 365 1458
836 431 1459
111 323 1460
536 540 1461
260 306 1462
330 270 1463
86 415 1464
206 163 1465
68 498 1466
1335 1261 1467
40 83 1468
263 103 1469
258 1411 1470
1470 754 1471
116 357 1472
261 377 1473
39 257 1474
263 445 1475
414 289 1476
419 268 1477
353 354 1478
262 377 1479
870 746 1480
360 558 1481
1063 279 1482
99 276 1483
273 116 1484
78 564 1485
258 101 1486
51 317 1487
1041 957 1488
574 108 1489
312 108 1490
256 284 1491
311 105 1492
569 1276 1493
40 45 1494
262 101 1495
1029 112 1496
50 120 1497
748 101 1498
826 422 1499
679 260 1500
522 804 1501
876 366 1502
282 460 1503
101 103 1504
380 733 1505
302 271 1506
419 314 1507
456 276 1508
363 1292 1509
288 83 1510
563 689 1511
121 271 1512
963 283 1513
103 275 1514
257 285 1515
100 311 1516
1099 307 1517
800 257 1518
305 599 1519
332 489 1520
100 1080 1521
103 318 1522
408 689 1523
1137 552 1524
70 323 1525
467 1084 1526
381 257 1527
783 257 1528
257 370 1529
769 687 1530
465 116 1531
41 349 1532
324 262 1533
356 178 1534
365 482 1535
310 375 1536
49 57 1537
263 115 1538
258 863 1539
289 954 1540
1386 986 1541
526 531 1542
807 807 1543
100 294 1544
1090 270 1545
416 503 1546
376 111 1547
50 56 1548
277 532 1549
288 40 1550
538 358 1551
32 124 1552
1552 864 1553
67 69 1554
67 1245 1555
117 299 1556
1348 921 1557
1248 115 1558
508 366 1559
614 1019 1560
729 267 1561
680 285 1562
876 565 1563
287 118 1564
1354 312 1565
496 1315 1566
345 1187 1567
900 1135 1568
1358 32 1569
207 134 1570
77 261 1571
274 349 1572
455 268 1573
1133 401 1574
943 1134 1575
327 423 1576
292 284 1577
70 266 1578
99 313 1579
68 336 1580
1103 112 1581
68 319 1582
93 32 1583
408 99 1584
319 256 1585
261 309 1586
364 268 1587
1028 545 1588
557 341 1589
326 1192 1590
404 108 1591
346 122 1592
374 513 1593
109 1057 1594
713 326 1595
97 107 1596
745 269 1597
34 32 1598
456 310 1599
119 794 1600
105 384 1601
313 370 1602
291 1015 1603
1082 1270 1604
41 393 1605
311 957 1606
560 279 1607
285 272 1608
503 49 1609
57 271 1610
315 1190 1611
112 101 1612
1146 257 1613
80 262 1614
1096 441 1615
276 104 1616
332 283 1617
345 915 1618
369 341 1619
896 926 1620
117 491 1621
740 1322 1622
120 106 1623
635 130 1624
363 787 1625
404 422 1626
327 596 1627
1071 306 1628
122 262 1629
313 504 1630
853 542 1631
258 117 1632
82 302 1633
272 528 1634
257 518 1635
439 1259 1636
47 621 1637
83 68 1638
32 290 1639
316 268 1640
79 546 1641
342 270 1642
509 116 1643
271 303 1644
1108 320 1645
1012 284 1646
98 261 1647
315 390 1648
274 265 1649
116 114 1650
387 934 1651
605 570 1652
788 117 1653
467 891 1654
638 279 1655
894 1198 1656
1485 107 1657
1089 390 1658
331 52 1659
49 55 1660
44 10 1661
288 998 1662
297 326 1663
99 261 1664
372 112 1665
48 48 1666
1172 1280 1667
617 413 1668
479 115 1669
114 771 1670
1174 1116 1671
1671 67 1672
1672 65 1673
266 784 1674
1566 284 1675
387 314 1676
973 283 1677
116 1155 1678
769 272 1679
825 828 1680
1680 269 1681
109 98 1682
226 138 1683
1683 164 1684
70 330 1685
1685 1344 1686
32 553 1687
282 119 1688
99 406 1689
264 378 1690
448 285 1691
327 454 1692
604 311 1693
1403 306 1694
753 1632 1695
108 1074 1696
274 288 1697
839 311 1698
641 1220 1699
605 354 1700
350 865 1701
304 281 1702
258 1375 1703
1109 32 1704
1105 462 1705
275 272 1706
701 110 1707
266 1264 1708
334 268 1709
506 924 1710
333 280 1711
819 353 1712
98 628 1713
1232 279 1714
272 361 1715
302 288 1716
106 933 1717
118 101 1718
206 179 1719
1364 1601 1720
432 324 1721
687 655 1722
1342 673 1723
54 271 1724
108 594 1725
52 120 1726
48 265 1727
116 594 1728
32 492 1729
49 351 1730
97 320 1731
517 1200 1732
52 265 1733
69 259 1734
258 102 1735
101 587 1736
342 498 1737
203 134 1738
1197 303 1739
735 1095 1740
108 110 1741
1741 40 1742
743 257 1743
948 279 1744
688 474 1745
675 786 1746
346 1095 1747
103 110 1748
105 307 1749
65 715 1750
1204 885 1751
225 181 1752
451 1503 1753
86 348 1754
1571 357 1755
10 344 1756
71 1458 1757
297 258 1758
291 66 1759
470 311 1760
630 354 1761
68 566 1762
116 256 1763
91 684 1764
363 309 1765
1372 262 1766
104 111 1767
808 314 1768
468 287 1769
811 986 1770
286 1219 1771
98 1185 1772
382 263 1773
375 578 1774
327 265 1775
658 271 1776
77 80 1777
683 431 1778
1301 1373 1779
768 283 1780
537 535 1781
563 116 1782
288 497 1783
119 400 1784
100 271 1785
537 269 1786
1378 362 1787
327 271 1788
287 102 1789
581 377 1790
1227 980 1791
675 266 1792
1161 292 1793
947 267 1794
1341 639 1795
275 1423 1796
352 1463 1797
102 273 1798
359 334 1799
509 995 1800
1800 732 1801
108 1653 1802
358 268 1803
115 97 1804
345 375 1805
102 105 1806
845 97 1807
1656 1657 1808
117 765 1809
974 585 1810
747 268 1811
739 633 1812
50 53 1813
936 116 1814
1389 274 1815
1203 469 1816
79 98 1817
109 117 1818
1818 379 1819
290 447 1820
49 10 1821
69 117 1822
1822 376 1823
1823 795 1824
1824 340 1825
78 336 1826
75 611 1827
345 102 1828
264 262 1829
382 117 1830
359 1736 1831
102 886 1832
109 266 1833
764 354 1834
50 52 1835
121 736 1836
319 480 1837
1251 283 1838
376 529 1839
119 575 1840
1020 307 1841
311 1388 1842
996 354 1843
59 32 1844
408 100 1845
1252 337 1846
266 1611 1847
1020 262 1848
1673 668 1849
1114 1426 1850
593 268 1851
498 294 1852
627 1447 1853
872 687 1854
272 105 1855
1058 1223 1856
1686 1323 1857
669 98 1858
257 834 1859
259 484 1860
364 961 1861
801 290 1862
45 351 1863
289 257 1864
1371 285 1865
273 269 1866
327 288 1867
401 330 1868
80 114 1869
1326 256 1870
304 1104 1871
310 759 1872
287 269 1873
108 261 1874
1054 301 1875
65 1072 1876
117 256 1877
207 131 1878
1029 491 1879
1638 1777 1880
819 702 1881
745 535 1882
115 1520 1883
273 107 1884
1521 1590 1885
325 400 1886
993 257 1887
1472 788 1888
108 1412 1889
100 338 1890
302 301 1891
1525 381 1892
103 547 1893
688 299 1894
77 258 1895
346 491 1896
359 1479 1897
1011 45 1898
698 1531 1899
109 260 1900
51 301 1901
346 107 1902
559 909 1903
85 115 1904
281 1140 1905
116 1722 1906
309 290 1907
71 111 1908
297 286 1909
258 505 1910
312 32 1911
261 319 1912
938 891 1913
342 380 1914
119 337 1915
10 772 1916
1728 1176 1917
70 424 1918
1041 738 1919
72 812 1920
115 569 1921
1144 981 1922
892 53 1923
49 437 1924
49 316 1925
958 283 1926
430 1149 1927
1265 361 1928
384 273 1929
1466 778 1930
115 697 1931
947 292 1932
308 273 1933
1933 1279 1934
1408 941 1935
698 547 1936
378 324 1937
101 469 1938
40 625 1939
1665 1439 1940
563 1216 1941
1334 320 1942
99 341 1943
1000 879 1944
350 518 1945
65 714 1946
76 111 1947
287 97 1948
481 422 1949
614 545 1950
115 321 1951
45 773 1952
1658 1129 1953
325 276 1954
380 1018 1955
77 76 1956
99 291 1957
762 309 1958
1124 285 1959
636 165 1960
403 166 1961
1021 180 1962
679 394 1963
894 270 1964
411 508 1965
977 1274 1966
98 32 1967
403 134 1968
1751 911 1969
277 833 1970
332 881 1971
115 652 1972
194 183 1973
836 325 1974
843 325 1975
828 571 1976
631 454 1977
305 101 1978
291 497 1979
115 264 1980
296 271 1981
1185 1767 1982
1982 1153 1983
517 66 1984
65 78 1985
811 291 1986
1026 256 1987
1588 562 1988
593 693 1989
103 309 1990
308 105 1991
277 102 1992
102 300 1993
68 1080 1994
312 361 1995
1706 45 1996
446 1708 1997
115 746 1998
112 1711 1999
